; where the lines of this interface stand in the package's sources,
; written by compiler/Interface.scaly: after a file's path, the interface
; line starting at the first byte is the source's line starting at the second
opensp.scaly
4645 9392
opensp/StringC.scaly
651 636
709 738
819 1145
1648 2303
2022 3053
2293 3723
2382 3789
3144 4528
4429 5808
4507 5951
4800 6364
4902 6632
4972 8324
opensp/CodingSystem.scaly
2592 2759
2697 2828
2881 3027
2993 3192
3116 3396
3227 3559
3480 3904
3571 3972
3963 4499
4375 4998
4718 5632
5165 9329
5994 12190
6441 13808
6790 14946
7164 17002
7379 17476
7829 19248
8876 21634
9013 23375
9083 27497
opensp/Options.scaly
1122 1223
1487 1639
1624 1752
1709 1813
1794 1874
1963 2343
2318 3918
2576 7134
2725 7399
opensp/Message.scaly
1880 1926
1937 2044
2449 2658
2663 2977
2755 3203
3005 3439
3114 3528
3206 3608
3462 4138
4315 5353
4499 5878
4634 6103
4798 6534
4943 7191
5089 7818
5529 9347
5599 11329
opensp/ParserMessages.scaly
637 712
789 997
925 1210
1071 1456
1211 1695
1348 1947
1466 2124
1603 2379
1733 2572
1876 2840
2018 3088
2135 3235
2283 3491
2430 3709
2568 3942
2716 4208
2862 4440
3013 4733
3165 5027
3307 5268
3447 5506
3584 5693
3723 5914
3876 6127
4020 6351
4137 6524
4279 6748
4449 6911
4592 7143
4715 7293
4839 7460
4987 7719
5151 8002
5301 8243
5451 8496
5608 8780
5736 8946
5858 9126
5985 9307
6111 9487
6237 9642
6362 9809
6486 9981
6611 10137
6731 10293
6853 10442
6975 10602
7128 10830
7276 11085
7428 11294
7552 11459
7701 11718
7885 11907
8009 12071
8128 12233
8246 12385
8400 12620
8549 12845
8669 13000
8789 13157
8912 13333
9033 13490
9155 13658
9282 13860
9409 14064
9558 14293
9680 14481
9852 14644
9996 14867
10168 15030
10324 15269
10453 15436
10577 15628
10700 15804
10821 15947
10951 16113
11074 16282
11193 16443
11325 16630
11452 16815
11579 17020
11706 17237
11844 17445
11975 17614
12115 17802
12260 18073
12415 18358
12570 18661
12722 18942
12853 19159
12995 19400
13144 19599
13300 19817
13458 20066
13621 20336
13772 20571
13918 20780
14061 21012
14184 21157
14320 21344
14473 21590
14605 21746
14771 22011
14921 22248
15070 22531
15191 22679
15341 22935
15482 23159
15640 23452
15788 23665
15938 23882
16091 24151
16234 24373
16381 24607
16529 24808
16710 24990
16837 25202
16995 25483
17145 25723
17293 25957
17445 26183
17598 26425
17744 26652
17886 26891
18046 27122
18199 27359
18353 27568
18505 27781
18659 28018
18810 28237
18937 28478
19057 28729
19186 29045
19317 29368
19450 29598
19643 29797
19765 29950
19898 30142
20035 30326
20196 30485
20335 30698
20461 30948
20601 31257
20750 31482
20886 31728
21010 31907
21128 32051
21254 32352
21400 32574
21543 32807
21668 32991
21780 33148
21905 33407
22030 33673
22156 33847
22274 34022
22399 34193
22520 34399
22641 34570
22771 34772
22896 34962
23020 35196
23150 35427
23269 35597
23402 35811
23522 35968
23667 36214
23791 36501
23919 36765
24052 37034
24198 37327
24322 37480
24445 37637
24574 37815
24699 37963
24841 38195
24983 38427
25122 38694
25264 38936
25416 39204
25531 39358
25656 39537
25791 39709
25909 39889
26020 40062
26137 40269
26250 40413
26384 40664
26541 40927
26685 41223
26807 41464
26958 41718
27126 42007
27274 42285
27421 42546
27565 42795
27709 43047
27861 43283
28005 43587
28152 43875
28279 44145
28420 44370
28571 44580
28698 44843
28852 45087
28994 45323
29135 45557
29273 45824
29411 46091
29552 46364
29695 46614
29841 46873
29969 47048
30123 47335
30273 47637
30423 47866
30547 48049
30695 48311
30848 48611
30992 48827
31116 49003
31258 49259
31411 49597
31555 49847
31700 50102
31841 50338
31984 50578
32139 50852
32293 51094
32426 51328
32571 51576
32721 51835
32877 52106
33030 52348
33181 52567
33334 52785
33458 52957
33613 53196
33757 53507
33909 53771
34055 53993
34192 54216
34331 54445
34483 54665
34638 54892
34788 55108
34926 55335
35081 55579
35238 55807
35402 56047
35563 56281
35722 56511
35876 56816
36023 57134
36173 57412
36317 57671
36472 57880
36627 58100
36822 58287
36972 58507
37113 58750
37259 59016
37393 59278
37544 59504
37698 59769
37828 59946
37956 60121
38078 60303
38216 60488
38333 60657
38488 60897
38631 61094
38784 61312
38909 61465
39034 61618
39160 61776
39286 61945
39431 62188
39574 62426
39727 62707
39876 62953
40023 63193
40179 63439
40336 63699
40489 63931
40636 64164
40779 64372
40911 64544
41066 64793
41212 64999
41360 65211
41508 65423
41650 65623
41787 65814
41917 65990
42049 66170
42205 66431
42359 66700
42504 66913
42626 67086
42772 67275
42914 67479
43053 67673
43192 67871
43337 68084
43488 68313
43634 68601
43783 68832
43961 69147
44103 69360
44218 69621
44380 69868
44559 70181
44684 70357
44797 70521
44943 70793
45070 70954
45215 71212
45358 71466
45504 71711
45656 71953
45780 72112
45906 72313
46085 72489
46232 72728
46358 72910
46478 73119
46600 73279
46732 73478
46860 73661
46979 73800
47096 73935
47211 74084
47334 74238
47468 74429
47603 74624
47740 74823
47875 75017
48011 75208
48147 75398
48271 75569
48388 75730
48505 75920
48626 76099
48743 76322
48877 76530
49008 76747
49139 76973
49270 77206
49400 77434
49517 77636
49646 77840
49767 78021
49889 78202
50007 78347
50126 78494
50241 78623
50356 78752
50481 78914
50604 79070
50730 79235
50851 79377
50973 79521
51096 79668
51230 79846
51363 80022
51488 80173
51602 80321
51721 80466
51846 80617
51971 80768
52096 80919
52221 81070
52341 81245
52451 81369
52572 81517
52687 81667
52805 81815
52919 81943
53049 82107
53175 82260
53297 82433
53419 82624
53541 82776
53659 82933
53784 83103
53910 83251
54037 83407
54165 83587
54278 83722
54401 83885
54511 84042
54638 84206
54760 84353
54890 84517
55013 84711
55133 84895
55252 85066
55384 85267
55511 85432
55648 85621
55767 85816
55889 85975
56022 86150
56143 86337
56270 86520
56400 86692
56520 86848
56643 87005
56779 87217
56915 87425
57056 87640
57188 87839
57305 88035
57433 88253
57575 88465
57708 88660
57827 88816
57950 88970
58077 89164
58202 89358
58339 89578
58484 89861
58627 90090
58775 90333
58921 90568
59045 90726
59166 90879
59288 91043
59407 91209
59526 91380
59645 91529
59764 91768
59892 91948
60022 92146
60147 92314
60275 92483
60413 92669
60544 92844
60697 93054
60828 93252
60972 93498
61114 93760
61234 93955
61356 94136
61488 94253
61615 94360
61755 94495
61884 94606
62015 94721
62150 94845
62285 94969
62427 95108
62569 95246
62700 95372
62833 95502
62960 95619
63089 95725
63219 95831
63357 95961
63491 96084
63623 96202
63765 96342
63891 96447
64022 96563
64156 96685
64288 96802
64420 96919
64556 97045
64699 97186
64837 97316
64965 97425
65101 97551
65235 97676
65380 97826
65523 97967
65657 98092
65788 98208
65923 98343
opensp/ParserAppMessages.scaly
630 657
750 800
875 988
987 1138
1099 1280
1211 1419
1323 1571
1435 1723
1547 1875
1659 2024
1771 2181
1883 2314
2009 2419
2135 2524
2263 2633
opensp/CatalogMessages.scaly
624 641
746 783
874 939
988 1070
1106 1220
1225 1367
1344 1514
1466 1679
1579 1822
1703 2020
1825 2177
1945 2348
opensp/EntityManagerMessages.scaly
633 678
755 862
876 1057
994 1237
1115 1377
1240 1525
1368 1697
1498 1882
1633 2078
1754 2263
1882 2460
2001 2641
2120 2822
2237 2999
2361 3182
2496 3388
2621 3564
2750 3752
2880 3942
3001 4127
3121 4343
opensp/EntityAppMessages.scaly
621 639
733 797
845 941
957 1100
1088 1215
1215 1322
opensp/CmdLineAppMessages.scaly
636 657
764 819
891 972
1021 1141
1133 1265
1249 1390
1368 1532
1485 1710
1603 1844
1721 1981
1843 2126
1963 2281
2084 2438
2196 2576
2308 2718
2420 2866
2532 3009
2644 3144
2770 3249
2896 3354
3023 3463
3150 3640
3279 3747
3397 3921
opensp/NsgmlsMessages.scaly
626 651
735 778
844 918
953 1058
1062 1183
1171 1320
1280 1449
1389 1573
1498 1693
1607 1820
1717 1947
1827 2124
1937 2306
2047 2494
2157 2676
2267 2858
2377 3038
2487 3218
2597 3360
2721 3461
2847 3566
2972 3669
opensp/RastEventHandlerMessages.scaly
647 685
774 877
903 1073
1030 1273
1151 1465
1274 1683
opensp/PosixStorageMessages.scaly
636 661
757 805
879 952
1001 1102
1123 1247
1236 1401
1350 1559
1470 1723
1587 1868
opensp/StdioStorageMessages.scaly
632 655
749 797
866 939
opensp/URLStorageMessages.scaly
627 656
745 812
861 964
979 1120
1098 1260
1217 1426
1338 1598
1455 1753
1576 1908
1699 2076
1824 2230
1944 2381
2061 2534
2177 2687
2294 2848
2418 2998
2534 3164
2653 3320
2768 3465
2892 3634
3013 3795
3153 3923
3268 4064
opensp/WinInetStorageMessages.scaly
636 663
753 809
opensp/ArcEngineMessages.scaly
635 711
758 877
880 1050
1001 1223
1129 1412
1253 1573
1380 1727
1502 1906
1626 2072
1750 2250
1866 2422
1990 2619
2138 2838
2297 3077
2454 3312
2604 3530
2748 3759
2891 3979
3034 4208
3181 4448
3327 4670
3445 4834
3589 5049
3711 5204
3838 5369
3965 5543
4084 5682
4210 5866
4359 6084
4506 6293
4658 6514
4807 6738
4937 6898
5067 7061
5190 7219
5362 7386
5486 7558
5660 7729
5789 7911
5973 8087
opensp/MessageReporterMessages.scaly
650 626
782 734
920 848
1055 959
1185 1065
1319 1187
1454 1326
1591 1464
1728 1594
1856 1704
1993 1834
opensp/MessageFormatterMessages.scaly
653 630
783 737
913 844
1043 951
1184 1090
1320 1218
opensp/Location.scaly
4071 4182
4154 4312
4838 5059
4926 5125
5024 5202
5111 5275
5357 5574
9597 9871
10584 11237
10625 11664
10693 12130
10949 12798
11333 13221
11692 13688
14209 18970
14694 19635
14805 19730
15944 23142
16033 23212
16106 23297
16291 23443
16392 23528
17132 24321
17254 24404
17348 24481
17466 24557
17592 24659
17907 24975
18450 25497
18951 26080
19346 26579
19563 26846
19977 27326
20076 27492
20467 28021
20567 28120
21143 28677
21595 29109
21703 29201
21923 29396
22013 29475
22347 30088
22648 30533
22981 31012
23304 31565
23559 32114
25215 36105
28091 39508
28600 40514
29176 41185
30559 42827
30821 43326
31181 43718
31844 44620
32493 45475
33048 48328
33143 48402
33244 48482
33535 48755
33785 49006
34132 49458
34218 49679
34698 50305
34839 50426
36357 53096
36644 53490
37161 54207
37771 54998
37864 55370
38627 62749
38787 62930
38926 63065
39036 63159
39166 63272
39503 63593
39782 63893
40059 64185
40366 64635
40525 64824
40762 65168
42435 67053
42505 68368
opensp/CharsetDecl.scaly
3286 3481
3562 3742
3582 3973
3738 4118
4145 4510
4279 4610
4379 4691
4568 5349
4834 6261
5026 6813
5451 8250
5549 8345
5645 8433
5779 8530
6058 8985
6191 9287
6375 9597
6546 9760
6872 10318
7266 10829
7336 13851
7717 14367
7947 14582
7967 14685
8118 14907
8701 15963
8929 16511
9125 17126
9458 17553
9681 17843
10034 19050
10443 20609
10543 20701
10776 21045
10931 21447
11381 23311
opensp/CharsetRegistry.scaly
368152 368312
368488 369978
368775 370482
369210 374628
369717 377626
369787 378940
opensp/CodingSystemKit.scaly
5228 5362
5863 5995
6694 8420
7104 8849
7628 9323
9335 11046
9484 11208
9661 11657
10060 12154
10395 14533
10577 15154
11294 20624
11896 22492
12224 24482
12766 26915
13154 27590
13908 28620
15251 36206
16080 40115
16184 40289
16684 45318
16866 46146
17039 46748
17215 47392
17479 49098
17725 49591
18432 50958
18912 54108
19437 54824
20124 56563
20194 60910
opensp/Storage.scaly
1774 2076
2294 2978
2419 3258
2618 3521
2722 3758
2796 4132
opensp/ExternalId.scaly
3237 3780
3328 4446
4011 5559
4132 5638
4253 5717
4348 5795
4443 5873
4717 6164
4845 6257
4947 6345
5146 6571
5447 6916
5543 6996
5638 7074
5733 7152
5830 7233
5936 7332
6030 7408
6124 7484
6437 7909
6604 8186
6780 8533
7311 9352
7886 10785
7971 10944
8056 11028
8141 11187
8277 11428
8434 11839
8572 12181
8758 13669
9085 17814
9318 21165
9388 26462
9646 26790
opensp/EntityCatalog.scaly
3351 3504
3610 3844
3769 4124
4047 4645
4550 5385
4806 5612
4826 5933
4928 6054
5072 6227
5341 6679
5463 6814
5927 7805
6274 8533
6745 9959
7238 12223
8002 14793
8133 15023
8483 15377
8635 15702
8760 15826
9040 16114
9176 16259
9327 16511
9447 16625
9708 16982
9887 17254
10288 18321
10841 18935
10940 19134
11345 19563
11652 20475
11889 20925
12115 21195
12645 25255
13059 25840
13336 26415
13898 27922
14754 38743
15085 39563
15159 42945
opensp/EntityManager.scaly
1382 1380
1612 3030
1784 3270
2282 3725
2394 3833
2737 4232
2959 5271
opensp/Entity.scaly
1329 1491
1639 1875
2284 2495
2542 2734
2663 2808
2784 2882
2882 2962
3721 3948
3846 4026
3981 4121
4109 4206
4243 4301
5119 5432
5244 5510
5379 5605
5507 5690
5641 5785
5743 5869
5855 5962
5974 6064
6384 6621
6503 6693
6632 6782
6754 6861
6882 6950
7225 7549
7536 8009
7787 8404
8014 8697
8267 9152
8449 9567
8701 9901
9052 10336
9448 10802
10059 11649
10354 12178
10668 12547
10891 13004
11329 13832
11830 15711
12248 16913
12760 17807
12834 20937
opensp/Sd.scaly
6464 6435
6484 8000
6517 9586
6941 11022
7193 11254
7744 11798
7879 11917
7986 12017
8125 12140
8587 12603
8688 12733
8765 12791
8838 12873
9072 13101
9158 13209
9418 13455
9507 13558
9686 13725
9775 13830
10035 14076
10125 14180
10581 14628
10666 14733
10758 14820
10846 14931
10933 15008
11016 15109
11106 15192
11192 15299
11451 15551
11548 15669
11840 16268
12199 16611
12275 16699
12349 16783
12660 17105
12891 17317
12964 17399
13105 17530
13240 17695
13655 18096
13733 18188
14764 19204
14841 19294
14932 19380
15019 19490
15103 19562
15183 19658
15272 19740
15357 19846
15447 19930
15854 20331
16148 20618
16239 20704
16484 20941
16559 21039
16650 21125
16737 21235
16820 21305
16899 21399
16980 21465
17058 21525
17145 21598
17229 21665
17315 21736
17394 21798
17595 23411
17686 23755
17884 24334
17973 24508
18094 25496
18274 25850
18456 26780
18636 27126
18839 28975
19038 29349
19403 30733
19606 36365
opensp/Syntax.scaly
5930 5901
7480 17178
7667 17811
7793 17908
7977 18345
8210 21664
8632 24411
8821 24574
8903 24682
8998 24772
9093 24850
9486 25615
9620 25854
9710 25965
10084 27337
10390 27891
10477 27965
10650 28132
10743 28218
11062 28515
11299 29076
11515 29883
11604 29993
11834 30508
12004 30681
12166 31879
12442 33210
12552 33650
12687 33865
12791 33959
12895 34056
13033 34164
13205 34566
13408 35047
13506 35216
13696 35577
13795 35681
13900 35795
14014 35932
14284 36752
14517 36983
14666 37916
14744 38077
14854 38189
15043 38381
15138 38474
15237 38687
15390 38887
15487 38980
16048 39876
16171 39991
16275 40075
17052 41408
17436 42329
17927 43946
18590 45563
18855 46371
18942 46440
19067 46529
19157 46604
19284 46697
19383 46786
19631 47187
19724 47497
19794 50945
opensp/ISet.scaly
791 844
868 906
888 1020
975 1081
1080 1171
1175 1254
1270 1337
1354 1399
1442 1549
1501 1605
1637 1813
1729 2062
1813 2133
1973 3982
2119 5769
2189 7414
opensp/Partition.scaly
2945 2916
3744 6400
4088 8281
4176 8351
4583 8847
4757 9064
4845 9125
5235 9558
5344 9701
5529 9928
5599 12563
opensp/Trie.scaly
1666 1658
2343 2331
2476 2520
2564 2586
2659 2673
2758 2750
2929 2946
3056 3070
3160 3165
3264 3354
3351 3412
3383 3587
3498 4039
3602 4120
3858 4496
4164 5116
4308 5387
4495 5741
4731 6699
5313 8644
5692 9764
6019 10621
6555 11335
6832 13441
6902 16727
opensp/ModeInfo.scaly
2850 3004
3025 3320
3237 4082
3334 4177
3446 4273
3708 6457
3783 6519
3958 6706
4138 15400
4208 17848
opensp/Recognizer.scaly
1451 1518
1661 3990
2009 4384
3161 16551
3227 16729
3428 16918
3502 19897
opensp/Attribute.scaly
2541 2700
3276 3599
3588 4081
4047 4719
4220 4875
4397 5038
4887 5486
5009 5581
5093 5650
5450 6089
5663 6406
5772 6467
5854 6536
6071 6751
8265 9012
9001 9822
9394 10201
9513 10308
9658 10589
9822 11525
9909 11673
10026 11916
10154 12200
10291 12435
10420 12651
10523 12849
10607 13016
10709 13206
10804 13400
10900 13491
10994 13578
11084 13657
11177 13742
11283 13839
11392 13942
11488 14018
11604 14388
11715 14486
11830 14616
12046 14900
12289 16491
12493 17004
12563 19670
12926 20088
13052 20267
13410 20693
13574 20921
13758 21086
13878 21194
14008 21468
14108 21545
14206 21639
14408 21871
14524 21971
14620 22142
14827 23119
14897 24232
15389 24774
15531 24968
15633 25135
15748 25298
15860 25391
15930 26548
16242 26888
16332 26971
16425 27056
16531 27140
16645 27236
16732 27347
16871 27459
17021 27590
17090 27745
17160 28313
17967 29198
18063 29278
18172 29371
18284 29462
18611 29801
18706 29908
18843 30017
18921 30124
19150 30490
19624 31681
19971 32128
20414 32553
20695 32961
20827 33069
20963 33181
21033 33807
21534 34412
21693 34579
21883 34837
22041 35002
22198 35165
22405 35452
22610 35735
22736 35814
23089 36415
23213 36526
23344 36615
23488 36740
23588 36912
23690 37088
23790 37260
23886 37424
23985 37594
24106 37797
24206 37890
24307 37985
24406 38076
24656 38306
24766 38402
24890 38512
25007 38701
25192 39450
25397 39846
25503 40051
25640 40230
25956 41442
26026 43749
opensp/AttributeList.scaly
1706 1808
2327 2679
2428 2770
2558 2880
2827 3451
3021 3911
3224 4378
3362 4794
3468 4878
3570 4990
3679 5080
4016 5426
4123 5548
4238 5650
4348 5744
4418 6943
4841 7644
4969 7813
5085 7908
5392 8178
5483 8258
5577 8331
5673 8406
5800 8584
5941 8698
6049 8804
6155 8981
6260 9083
6359 9249
6461 9421
6709 9740
6814 9918
7051 10192
7220 10386
7315 10462
7416 10550
7646 10836
7750 11012
7846 11161
7960 11329
8070 11489
8274 11755
8428 11957
8506 12103
8699 12558
8929 12960
9014 13109
9730 17289
9847 17382
10111 17832
10575 18501
11027 20074
11097 21734
11773 22445
11872 22564
11996 22674
12151 22808
12221 23239
opensp/SdParser.scaly
1818 1974
2000 2308
2035 2486
2079 2664
2132 2842
2194 3020
2265 3198
2366 3506
2445 3833
2715 4266
2827 4548
2937 4876
3033 4948
3139 5046
3244 5138
3347 5226
4286 6781
4672 8377
opensp/Notation.scaly
2169 2249
2284 2317
2421 2457
2491 2526
2590 2609
2713 2689
2837 2774
2968 2883
3145 3040
3270 3125
3546 3423
3822 3758
3998 3934
4113 4025
4206 4118
4321 4209
4517 4391
4669 4522
4739 5916
opensp/ShortReferenceMap.scaly
1203 1261
1327 1338
1485 1485
1677 1651
1888 1838
2083 2162
2300 2423
2495 2733
2591 2806
2671 2894
2804 2988
2944 3106
3014 4624
opensp/ElementType.scaly
3112 3273
3440 3748
3569 3861
3677 3958
3782 4065
3889 4175
3994 4281
4097 4452
4216 4622
4347 4713
4450 4884
4572 5057
4675 5228
4797 5401
4895 5503
5013 5619
5179 5768
5345 5917
5524 6131
5678 6332
5807 6418
6036 7709
6227 7885
6359 8162
6644 8536
6759 8604
6850 8673
7026 8785
7121 8870
7241 8970
7626 9556
7971 9986
8089 10057
8183 10129
8306 10210
8442 10327
8733 10643
8849 10743
8941 10897
9041 11067
9158 11255
9298 11374
9407 11469
9566 11614
9722 11749
9792 14540
opensp/ContentToken.scaly
3765 3986
4030 4366
6876 7214
6957 7298
7158 7730
7639 8412
7809 9155
7898 9245
8146 9794
8247 9907
8388 10103
8482 10280
8628 10476
8729 10616
8898 10822
9015 11284
9097 11380
9210 11672
9395 11844
9682 12501
9903 13260
10268 14186
10521 15142
10776 16353
11051 19275
11313 19823
11558 21865
11835 22657
11903 22877
12209 24923
12502 29431
12800 29787
12928 29963
13222 32935
13379 33379
13487 33482
13568 33654
13656 33929
13826 34725
14085 36002
14354 36529
14544 36981
15109 38068
15244 38647
15363 39213
15462 39388
15650 39570
15999 40480
16234 41220
16417 41387
16655 41612
17010 42379
17367 43193
17693 44125
18101 45518
18289 45951
18482 46293
19535 47487
19647 47728
19821 55925
opensp/Dtd.scaly
2839 3917
2949 3980
3148 4468
3483 5198
3619 5726
3787 5884
3903 6082
4218 6401
4336 6513
4449 6620
4657 7221
5091 8268
5236 8889
5337 8977
5768 9391
6103 9823
6226 10023
6314 10111
6421 10208
6613 10681
6796 10966
6925 11475
7118 11951
7301 12235
7389 12324
7601 12839
7814 13188
7913 13298
8040 13426
8287 13858
8677 14359
9155 15094
9242 15176
9363 15258
9561 15550
9661 15642
9782 15860
9883 15954
10011 16200
10119 16308
10282 16451
10376 16533
10445 16621
10579 16758
10744 16919
10879 17058
11045 17221
11115 23420
opensp/OpenElement.scaly
1765 2338
2316 3547
2420 3636
2519 3720
2614 3796
2724 3890
2867 4012
2961 4220
3277 4886
3391 5169
3661 5559
3853 5873
4140 6264
4429 6676
4622 6897
4815 7198
4924 7283
5064 7392
5244 7608
5349 8366
5478 8458
5585 8683
5682 8780
5832 8954
5923 9023
6010 9120
6080 11503
opensp/ContentState.scaly
2084 2167
3477 3820
4308 4952
4517 5332
4729 5695
4914 5883
5103 6058
5215 6169
5673 7700
5914 9004
6040 10283
6298 10586
6470 10740
6590 10871
6714 11063
6838 11193
6957 11325
7063 11489
7158 11608
7416 12299
7910 13511
7981 16914
opensp/Lpd.scaly
2548 2616
2684 2724
2790 2810
2927 2920
3034 3008
3123 3117
3229 3212
3381 3346
3492 3445
3657 3668
3771 3766
3893 3878
4056 4024
4219 4443
5186 5791
5300 5858
5389 5927
5462 6011
5658 6465
5773 6771
5908 6964
6187 7283
6288 7383
6411 7495
6688 8001
7133 8495
7250 8788
7363 8934
7470 9080
7614 9350
7728 9743
7907 11230
8102 11406
8215 11498
8502 11871
8624 11946
8725 12038
8848 12142
9029 12263
9350 12640
9462 12785
9568 12930
9720 13216
9841 13611
10026 15098
11082 16280
11600 17718
11682 17777
11792 17840
11907 17912
11991 17975
12057 18051
12151 18128
12245 18205
12401 18347
12549 18474
12704 18712
12807 18804
12908 18892
13022 19001
13186 19131
13288 19215
13381 19296
13458 19392
13577 19503
13770 19882
13988 20214
14195 20527
opensp/XcharMap.scaly
1465 1684
1712 2006
1888 2432
2016 2633
2185 2772
2255 3942
opensp/Id.scaly
938 909
1045 1066
1154 1128
1564 1583
1645 1662
1759 1732
1917 1836
2136 2066
2226 2154
2353 2245
2455 2426
2525 3831
3510 4855
3658 5179
3766 5315
3868 5456
4007 5716
4111 6069
4591 7847
4766 8522
4984 8721
5087 8803
5909 10579
5982 11455
opensp/ParserOptions.scaly
4560 7612
4662 7733
4956 8214
5123 8719
5219 8907
5311 11297
5593 22262
opensp/Event.scaly
7313 7327
7360 7345
9224 9294
9359 9512
9643 9894
9918 10268
10339 10785
10542 11089
10876 11507
11301 12018
11439 12240
11704 12794
11960 13190
12194 13525
12486 13907
12697 14262
12858 14406
12953 14480
13059 14571
13171 14636
13283 14700
13402 14778
13526 14876
13614 14945
13686 15029
13853 15179
13927 15267
14458 15945
14563 16093
14681 16262
14828 16429
14934 16518
15072 16633
15260 16871
15360 17016
15525 17232
15708 17459
15843 17606
15947 17759
16081 17911
16175 18054
16252 18187
16354 18332
16485 18474
16585 18623
16699 18789
16824 18965
opensp/ParserState.scaly
6263 6261
8949 9053
9058 9217
9176 9288
9290 9354
14011 14123
14089 14228
14183 14304
14299 14400
14352 14424
28821 33880
28995 34036
29099 34121
29195 34197
30047 35026
30282 35323
31996 37315
32096 37548
32201 37635
32474 38072
32741 38528
32916 38722
33020 38817
33230 38995
33333 39075
33423 39150
33547 39289
33707 39441
33935 39673
34033 39750
34253 40118
34357 40212
34762 40645
34964 40920
35157 41290
35422 41797
35530 42146
35850 46314
36384 48921
36797 50556
37206 51800
37492 52062
37614 52142
37785 52325
37883 52404
38030 52524
38146 52620
38322 52816
38430 52926
38603 53116
38701 53199
38805 53301
38898 53410
38995 53491
39080 53584
39170 53686
39525 54014
39646 54092
40016 54523
40124 56301
40314 56477
40883 58461
41208 58724
41503 58990
41596 59075
41706 59167
42205 59675
42323 59801
42420 59895
42612 60073
42781 60216
43055 60747
43288 61557
43380 61764
43457 62093
43571 62264
43710 62989
43827 63351
44287 64560
44630 65165
45174 65773
45486 66293
45589 66386
46301 69044
46414 69347
46717 69937
46995 70182
47117 70294
47467 70881
47621 71129
47801 71405
47894 71473
47995 71553
48105 71651
48334 71866
48623 72238
48797 72391
48990 72571
49136 72697
49252 72800
49532 73055
49638 73143
49981 73469
50093 73573
50518 74125
50768 74517
50945 74686
51048 74773
51341 75043
51440 75122
51569 75224
51729 75327
51819 75416
51932 75800
52339 76374
52442 76467
52713 76872
52863 77112
52954 77198
53059 77288
53233 77450
53332 77529
53618 77894
53849 78360
53943 78434
54056 78783
54154 78878
54266 78977
54522 79619
54626 79726
54766 79835
54999 80262
55282 81675
55536 81959
55634 82088
55746 82199
55950 83010
56071 83276
56703 86750
56942 87059
57218 87694
57540 88464
57868 89059
58223 90159
58315 90229
58413 90311
58515 90401
58621 90497
58722 90580
59949 91855
60117 92269
60471 94096
60874 94555
61001 94906
61327 95184
61611 95484
61732 95798
62418 96653
62502 96752
62582 96950
62709 97614
62804 97705
62918 97808
63097 98035
63227 98395
63494 98695
63610 98994
63931 99565
64108 99694
64286 99858
64369 99958
64466 100053
64651 100225
64791 100346
65078 101182
65180 101285
65304 101403
65391 101566
65901 104981
66122 106368
66287 106543
66378 106612
66475 106693
66573 106776
66670 106857
66843 107042
66931 107228
67006 107365
67207 107607
67394 107872
67711 108259
67822 108368
67919 108449
68258 109217
68395 110706
68476 111534
68585 111759
68860 112323
69035 112450
69374 112782
69488 112897
69628 113267
69758 113488
69896 113906
70053 114308
70137 115152
70312 115312
70559 115575
70741 115716
70964 116715
71101 116828
71208 116918
71408 117196
71726 117874
72308 118445
72411 118537
72492 118704
72661 118879
72765 119002
72900 119163
73326 119679
73768 120216
74090 120555
74194 120640
74610 121323
74913 121862
75172 122386
75355 122585
75486 122777
75831 123152
76060 123814
76236 123972
76528 125213
76944 126576
77478 127893
77910 128583
78010 128771
78759 131673
79124 132914
79761 134585
80002 134846
80418 140294
80505 140439
80808 140796
81074 143797
81335 145019
81442 146067
81758 146566
81846 146667
82218 147313
85335 152025
86086 153666
87208 158972
87669 161874
88372 164573
88744 165621
89185 168633
89531 170038
90123 177203
90647 180316
91114 182937
91579 184987
91757 185255
91906 185914
92879 186837
93007 189222
93103 189301
93197 189376
93679 190681
93831 198107
opensp/Esis.scaly
6590 6548
6727 6825
6908 7400
7300 8438
7631 8762
7943 9225
8278 10248
8486 11151
8861 11704
9007 11961
9074 12132
9368 12757
9448 13182
9838 15500
10412 17265
10641 17782
11312 20837
11693 24398
12467 29869
12687 30388
12916 32299
13295 33412
14145 34764
14424 45356
14587 46792
15061 47761
15209 50036
opensp/Rast.scaly
4415 4410
4490 4627
4572 4696
4724 4997
5074 5399
5149 5601
5231 6410
5314 6647
5452 6946
5759 8190
5972 8601
6104 8901
6292 10058
6407 10429
6546 11404
6961 12253
7178 17369
7478 20766
7656 21080
7768 23119
7867 24085
7970 25326
8186 27932
8319 28632
8725 33617
9074 34798
opensp/Parser.scaly
4109 4169
4247 4387
12201 12432
12667 13017
13311 13992
13392 15678
13506 15804
13670 16017
13766 16182
13871 16376
13985 16599
14108 16851
14249 17161
14399 17500
14496 17761
14974 18300
16499 20193
16757 20893
17025 21148
17193 21366
18252 22556
18427 22714
19216 23487
19461 23724
19638 23931
19898 24227
20181 24591
20694 25236
20998 25576
21278 25937
21609 26349
21996 26862
22351 27343
22796 27869
23142 28296
23405 28595
23757 28989
24055 29412
24346 29783
24679 30390
25196 32982
25584 33456
26060 34018
26580 35111
27097 35786
27282 35998
27446 36384
27667 36692
27809 36955
27950 37072
28233 40886
28595 43468
28882 47042
29272 50330
29557 51397
29840 51931
30035 52318
30238 52716
30325 52824
30489 53064
30921 53977
31116 54179
31368 58460
31586 59291
31806 59740
32040 60543
32515 61468
32927 62430
33184 63267
33299 63648
33436 64041
34012 64877
34316 87193
34424 87375
34838 87975
35111 101151
35216 101850
35499 102670
35757 103082
36003 104386
36257 105162
36408 105836
36671 106622
36832 107546
37015 107724
37094 107992
37178 108313
37283 108413
37429 108811
37742 119537
38026 124882
38313 130113
38961 133433
39404 135046
39669 138246
39804 138577
39977 138756
40156 138946
40414 139591
40796 140249
41413 141586
41939 142712
42451 143857
42639 144388
43242 148355
43447 161629
43674 164067
43878 179807
44402 181400
45136 185886
45678 193560
45801 193917
46253 199535
46838 202974
47664 208672
48011 219171
48585 226122
48975 231618
49974 234836
50306 235401
50706 236361
50806 236585
51573 240290
51856 241624
52084 241942
52506 245426
52892 249336
53494 250125
53759 250493
54060 250983
54506 252175
54822 253191
55352 256202
55856 260537
56250 264986
56967 278480
57142 279725
57701 281094
58175 282041
58582 282992
60423 288003
60640 291393
62331 293187
63070 294129
63411 294735
63609 295236
63817 295766
64078 296709
64479 297583
64841 301823
65698 313674
66512 316246
67037 317055
67431 317944
67889 318667
69952 326289
71814 331250
72867 333278
74095 337903
74698 340070
74992 340969
75594 345762
76286 350149
76702 355407
76861 358938
77309 359687
77419 359926
78258 364518
78888 366028
79235 366954
79434 367621
79763 368437
80279 369479
80475 372989
81213 376860
81653 381193
81851 383465
81978 385143
82336 387248
82930 391601
83340 393421
83797 394227
84361 395922
84516 398252
84628 399576
85579 400982
85686 401807
86679 403332
86856 404059
87514 405852
87621 406551
88162 407614
88703 414624
89041 415328
90731 417246
91628 422838
92066 424427
92533 424931
92698 425137
93020 425632
93275 426359
94057 435567
95315 442379
96465 450838
97181 451669
97291 452396
97747 456211
98197 459509
99104 468943
100142 471025
101535 475189
103199 479073
103986 482087
104336 482529
104844 484241
104930 496387
105255 497969
105501 499019
106020 500857
106339 501940
106780 506017
107377 508949
111431 513026
111744 513369
112132 513816
113173 515601
113591 517322
115042 521513
115614 522363
116259 524113
116926 524955
117917 525999
118176 526349
118804 532022
119396 534372
120255 536670
121305 539230
121422 539581
121552 540197
121701 540393
121943 540775
122199 541049
122415 541259
123216 544771
123326 546755
123526 547311
124824 554107
125265 555004
125882 556754
126518 557907
126973 575266
127511 576223
127935 578568
128233 579679
128608 588751
128819 589192
129059 589693
129297 590549
129605 591498
129998 595341
130274 595595
130399 595697
130535 610723
130740 613561
131164 615433
131331 615897
131532 617377
131815 618779
132137 621481
133103 623472
134185 627348
134449 627658
134601 627858
135081 631173
135832 639372
135940 648639
136214 650281
137470 657213
138913 662826
139281 664590
139419 675086
139916 676545
140403 678562
140852 679034
141123 679386
141223 679860
141573 680804
141845 682870
142052 683241
142286 683984
142563 693326
142937 698197
143165 700249
143450 701118
143790 702514
144101 704061
144276 704904
144648 705449
144989 706290
145218 707048
145507 707581
145759 708303
146052 711251
146327 711621
146599 712251
146927 713467
147191 715324
147423 715730
147659 717162
147820 717825
148078 719058
148236 719577
148443 720303
148704 721797
148991 723774
149329 724791
149846 727095
150193 729009
150656 729960
151088 732986
151545 733760
151730 734247
151843 734671
152191 736456
152410 737170
152735 737729
153199 738896
153435 739478
153816 740556
154147 741788
154391 743616
154651 745208
154998 753827
155315 755642
155964 760614
156188 761081
156482 762494
156708 766197
156951 766938
157192 767954
157422 769210
157652 774443
157821 774838
157983 775118
158377 793707
158616 794201
158840 804007
159064 808457
159294 811433
159524 813825
159785 822523
159976 824649
160196 825237
160424 826373
160834 833812
161779 837069
161978 837846
162414 839061
163891 846665
165817 876989
166792 878391
167553 879602
169481 882510
170501 884649
170671 893274
170845 894744
opensp/ArcEngine.scaly
6152 6393
6237 6665
6329 6818
6405 6961
6842 18504
7261 18962
7410 19146
8275 21892
8739 22733
9380 24086
9660 24449
10552 25526
10717 28766
11199 29781
11550 31571
11715 32437
12182 33208
12749 34482
13504 35278
13762 38777
13972 42633
14213 43078
14425 44156
15587 45536
16102 46424
16548 47573
17089 48404
17606 49440
17721 49732
17819 50006
18510 53341
18879 53991
19258 55622
21139 58733
22007 60118
22257 61096
22740 63273
