; where the lines of this interface stand in the package's sources,
; written by compiler/Interface.scaly: after a file's path, the interface
; line starting at the first byte is the source's line starting at the second
dazzle.scaly
4840 5468
dazzle/FrameMark.scaly
12262 12638
12680 13095
12760 13215
12841 13333
12922 13462
13001 13575
13133 13775
13980 14656
14094 14811
14183 14932
14289 15076
14374 15193
14450 16135
14985 18025
15106 18207
16818 20684
17187 21223
17256 21333
17815 23342
18060 23658
18215 23891
18374 24219
dazzle/TestScratch.scaly
1592 2398
1735 2528
dazzle/NameTable.scaly
2075 2111
2190 2178
2297 2250
2618 2683
2911 3150
3042 3502
3267 3906
3359 3976
3533 4817
3842 5343
3994 5771
4079 6241
4149 7888
dazzle/Grove.scaly
11011 18170
11147 18352
11258 18516
11479 19058
11608 19269
11738 19482
12004 19784
12621 21070
12874 21638
13531 23996
13790 24398
13903 24784
14127 25090
14267 26871
14478 27442
14634 32864
18350 36551
18466 36800
19106 37553
19216 37627
20114 38476
20200 38645
20469 38987
20688 39524
20942 39844
21109 39994
21268 40216
22278 41823
22636 42374
23879 44170
24380 45134
24707 45551
24914 45822
25254 46271
25553 47102
25934 47657
26141 48035
26982 50775
27382 51293
27612 51678
27941 54575
28233 54853
28497 55627
28586 55699
28835 55900
28949 55965
29066 56036
29176 56129
29537 56469
30810 58269
31778 59487
31961 59873
32434 60433
32527 60617
32868 61593
33593 63027
34006 63907
34402 65006
34514 65986
34631 66084
34722 66236
34830 66391
34993 66494
35852 67424
35962 67759
36089 68218
36619 68752
36721 68867
36801 68966
37110 69774
37755 70396
39213 71969
40150 73351
40315 73916
40723 74609
40961 74922
41233 75274
41361 75472
41849 76035
41970 76231
42227 76562
42866 77282
43033 77806
43460 78692
43823 79432
46722 83472
46876 83677
47114 84405
47288 84795
47440 85057
47721 85642
47928 86131
48143 86600
48568 88116
48853 88882
49600 89868
49838 90424
50235 104851
50368 105034
50509 105340
51239 106845
51380 107071
52107 107994
52574 108811
52791 110309
52937 111579
53159 112408
dazzle/GroveManager.scaly
2333 2360
2785 2906
3629 3880
4145 4426
4253 4580
4817 6100
5057 6564
5644 9677
dazzle/NumberCache.scaly
3196 3232
3425 3556
3649 4007
4735 8040
5003 8471
5208 8727
5571 9340
5683 9552
5876 11938
6209 15275
6734 16553
6913 17474
dazzle/LangObj.scaly
2617 2722
2743 2901
2858 3069
3016 3280
3610 4073
3702 4142
4045 4701
4163 5035
4416 5378
4583 5635
4701 6031
4788 6332
5075 6610
5199 6787
5332 6994
5474 7231
5732 7460
5892 7603
6044 7768
6121 7912
6590 8735
6990 9595
7100 9714
7210 9833
7511 12030
7595 12114
7833 12432
7928 12607
8375 13922
8862 15924
9064 16909
9192 17052
9329 17205
9472 17351
dazzle/ELObj.scaly
2648 2757
2821 2908
2913 2977
3008 3049
3099 3116
3480 3538
3597 3628
3691 3847
3852 4134
3951 4227
4135 4659
4286 4789
24127 24601
25222 25848
25339 25918
25594 26151
25686 26253
25858 26405
26094 26625
26233 26740
26793 27388
26990 27684
27088 27775
27176 27846
27269 27920
27390 27997
27481 28075
28174 29158
28662 29702
28909 30101
29297 30658
29405 30743
29827 32701
30232 33163
30321 33273
30430 33435
30684 33742
30739 33812
30806 33896
31832 34935
31891 35007
32018 35147
32158 35340
32431 35700
32643 36001
32938 36359
33658 37143
34049 37565
34542 38118
34644 38202
34762 38298
35047 39021
35310 39305
35581 39641
36603 40750
36814 41049
37090 41454
46996 51458
47985 52620
51733 56418
51875 56552
51960 56690
52259 57208
52353 57279
52475 57369
52575 57446
52688 57537
52800 57665
52907 57756
53987 59532
54093 59768
54437 60376
54539 60460
54653 60558
55020 61110
55336 61833
55660 62832
55957 63110
56082 63207
56167 63268
56278 63330
56380 63409
56498 63485
56616 63561
56729 63627
56842 63693
56955 63759
57312 64592
57446 64697
57682 64911
57804 65002
57902 65077
58029 65172
58240 65346
58356 65429
58776 66070
58879 66289
59286 66779
59859 67378
59983 67459
60292 67783
60584 68094
61187 68794
61767 69400
61967 69615
62181 69844
62341 70019
62573 70316
63384 71324
63693 71690
64889 72913
64995 73058
65093 73179
65192 73303
65292 73430
65479 73675
65605 73837
65740 74005
65949 74749
66172 75268
66280 75402
66535 75711
67569 76929
67816 77251
67926 77389
68036 77525
68145 77664
68298 77884
68457 78115
68589 78291
68734 78476
69127 78951
69369 79281
69619 79638
69739 79866
69900 80136
69993 80299
70096 80470
70248 80733
70368 80952
70461 81153
70647 81448
70773 81615
70915 81840
71105 82070
71292 82295
71416 82456
71554 82644
71739 82939
71932 83244
72121 83544
72214 83746
72373 84041
72472 84254
72569 84468
72676 84690
72934 85045
73192 85411
73356 85776
73552 86000
74107 86710
74241 86997
74345 87132
74449 87269
74556 87417
74787 87728
75114 88137
75432 88528
75576 88823
76032 89659
76485 90602
77609 91977
78067 93416
78956 95713
80174 98150
80829 99377
81170 101072
81542 101509
81640 101673
82375 102692
82507 103070
82851 106314
83216 106979
84110 108136
84461 108529
84827 110766
85032 111234
85209 113101
85339 113369
86020 115290
86248 115766
87070 117304
87470 118813
87644 119351
87741 119561
87999 120922
88095 121137
88520 123432
88869 123990
89889 125423
90305 126745
90415 126997
90991 128488
91189 129880
91411 130805
91703 131150
91877 131380
92096 131655
92759 132504
93066 132906
93369 133345
93566 133598
93744 133833
94021 134231
94320 134741
94526 134983
94868 135376
95110 135665
95224 135891
95317 136093
95422 136308
95520 136521
95722 136760
95920 137071
96016 137279
96208 137707
96599 138202
96952 138689
97316 139204
97637 139665
97820 139981
97914 140185
98028 140411
98120 140616
98296 140902
98514 141340
98687 141626
98940 142147
99017 142444
99116 142662
99220 142890
99324 143111
99436 143348
99612 143633
99738 143818
99836 144031
100077 144616
100182 145149
100260 145248
100338 145347
100411 145436
100487 145531
100627 145757
100937 146333
101108 146576
101446 147469
101715 148557
103399 150728
103877 151630
104061 151940
104379 153009
104569 154551
104847 155142
105127 155872
105482 156415
105571 156611
105661 156809
105854 157115
106549 157796
106644 157998
106738 158255
106832 158459
106924 158658
107019 158864
107113 159065
107274 159345
107454 159637
107607 159904
107789 160146
107923 160442
108087 161147
108213 161381
108304 161581
108478 161865
108574 162071
108771 162326
108891 162504
109048 162776
109219 163162
109524 165201
109761 165705
109994 166836
110202 167502
110301 167708
110401 167907
110563 168292
110657 168609
110828 168951
110920 169153
111013 169348
111270 170246
112020 172229
112254 172951
112666 177762
112890 178121
113068 178954
113376 181933
113639 182270
113883 183500
113984 187953
114133 195583
dazzle/Style.scaly
7381 7438
7470 7580
7579 7762
7839 8218
7940 8337
8077 8582
8177 8699
8381 8970
9497 10218
9615 10943
10381 11777
10495 12206
10973 12741
11099 13160
11485 13599
11607 14056
12132 14927
12227 15295
13259 16349
13381 16618
15846 19209
15968 20152
16079 20296
16169 20422
16475 20754
16591 21054
16873 21364
17007 21651
17492 22170
17626 22971
18159 23524
18277 23699
18570 24009
18682 24211
18958 24508
19078 24738
19541 25230
19669 25424
20953 26928
21082 27743
21431 28137
21952 28733
22074 29561
22583 30141
22707 30685
22857 30862
22979 31047
23193 31322
23305 31679
24137 32668
24271 33547
24706 34033
24820 34278
25067 34548
25177 34839
25431 35133
25547 35465
27088 37162
27335 37439
27425 37507
27514 37573
27617 37654
28021 38264
28109 38337
28386 38655
28496 38847
28962 40911
29638 41723
29900 42955
30511 43661
30931 45178
31090 45392
31465 46168
31942 46902
32284 48220
32652 48877
32801 49154
33113 49986
33313 50481
33560 51007
33946 52631
34575 62496
35058 67447
35278 67896
35586 68530
35960 69186
36297 70480
36577 71737
36851 72948
37094 73919
37498 75039
37678 75396
38003 77101
38276 81979
38726 82600
39261 84012
39352 84161
39451 85787
39561 88418
39952 113614
40310 115140
40559 115662
40778 116021
40994 116553
41281 117237
41655 117963
42569 123437
43310 127663
43538 128123
43764 128577
43856 128986
44721 129901
45862 131091
46098 131424
46313 131696
46545 131995
46640 132183
47137 133188
47306 133508
47485 133738
47960 135176
48228 135751
48477 137311
48882 139590
49130 139896
49198 140525
49273 140619
49347 140712
49442 140785
49693 141095
dazzle/Insn.scaly
1669 1834
11356 11631
11444 11830
11541 12042
11635 12243
11739 12463
11911 12662
11989 12812
12086 12990
12183 13168
12302 13376
12426 13605
12552 13824
12668 14021
12785 14221
12918 14442
13012 14608
13107 14777
13219 14972
13343 15185
13474 15422
13586 15623
13716 15855
13830 16062
13952 16269
14048 16449
14158 16650
14389 17206
14540 17468
14698 17735
14848 17994
15005 18277
15165 18544
15280 18751
15421 18998
15515 19164
15621 19351
15729 19544
15825 19716
15931 19903
16043 20108
16183 20344
16332 20606
16462 20838
16595 21075
16700 21261
16805 21456
17262 22150
17380 22361
17483 22566
17606 22782
17773 23057
18050 23469
18178 23685
18277 23864
18636 26263
18885 26657
19048 26979
21983 34706
22160 39831
23174 41802
24869 43685
25668 44579
25896 44907
26798 50566
27453 53484
28680 63495
28767 63640
29431 68207
29851 69184
30144 69813
30655 72027
30953 73412
31193 74625
31480 75595
32139 78115
32358 78940
32577 79876
33187 83349
dazzle/VM.scaly
2058 2257
4244 4665
4345 4750
4432 4820
4532 4923
4763 5279
4943 5444
5044 5534
5174 5644
5304 5750
5492 5926
5630 6043
5816 6598
5924 6850
6081 6982
6152 7056
7145 8062
7711 8627
8031 8937
8119 9009
8199 9101
8303 9185
8436 9289
8564 9396
8688 9497
8778 9573
8860 9669
8985 9797
9112 9900
9302 10072
9427 10202
9599 10415
10008 10810
10083 11453
10320 12582
10423 13004
10581 13138
10858 13507
11081 14152
11148 14286
11469 15857
12048 17315
12375 19550
13101 24770
13520 25664
13892 27341
14297 28868
14709 29733
dazzle/Expression.scaly
1524 1617
1610 1702
1698 1802
2028 2166
2179 2493
2425 2952
2552 3279
2640 3341
2737 3415
2840 3515
2928 4003
3075 4264
3240 4533
3321 4760
3440 5026
3562 5241
3670 5549
3781 5980
3892 6411
3972 6798
4389 7242
4514 7424
4684 7680
4879 8600
4977 9335
5152 9571
9043 13507
9163 13725
9289 13958
9466 14245
9610 14484
9755 14726
9910 14976
10047 15211
10240 15506
10438 15814
10634 16118
10737 16314
10988 16696
11172 17004
11328 17275
11543 17606
11742 17914
11919 18192
12076 18457
12259 19773
12445 20079
12778 20590
13398 27642
13651 28200
13847 28707
14334 29947
14516 30257
14746 30464
15054 30856
15364 31640
15565 36787
15695 37131
15937 37509
16271 42553
17101 74839
17887 76347
18042 79516
18277 79853
18569 80463
19048 86570
19338 86993
19648 87610
19988 88103
20189 88872
20516 91248
20788 94261
21240 95843
21627 96721
21934 97389
22322 98488
22634 99371
23027 100969
23307 101469
23686 104045
23942 106362
24313 107800
24656 110259
25099 115619
dazzle/Primitive.scaly
20500 20500
20758 20760
21019 21025
21215 21211
23269 27925
23615 70707
24221 72134
24938 73832
25397 76115
25769 77756
26433 79224
26748 79554
26992 79981
27229 80605
27475 81900
27711 82459
27973 83369
28310 84217
28806 85201
29459 86191
29685 86879
30223 87424
31797 89655
32345 91596
32854 92987
33406 95448
33814 97770
34243 100190
34732 102698
35078 104162
35369 104820
35650 105326
35881 105959
36187 107031
36597 109020
36858 109784
37145 110831
37463 111578
38002 113826
38240 114406
38478 115508
38826 117240
38975 118253
39109 118888
39448 120152
39792 121273
40014 122319
40348 124289
40692 125557
40983 126489
41464 129415
41781 130025
42225 130750
42367 131079
43121 131937
43214 132108
43611 133705
43997 135011
44525 136482
45271 137527
45616 138283
45879 138985
46159 139746
46886 140724
47482 141986
47977 143367
48656 145503
48894 146037
49132 146816
49434 147765
49775 149030
50095 150310
50680 151650
51153 152239
51271 152860
51562 153325
52081 154040
52632 157061
53147 157720
53687 158618
54639 160400
55180 161646
55847 163721
56336 165112
56738 166252
57199 167009
57741 168680
58303 169485
58815 171580
59211 173868
59815 176277
60247 176964
60513 177883
61176 180922
61745 183102
62408 185673
62939 186632
63472 187469
64036 188382
65071 191542
65573 193223
66036 195009
66576 196898
67091 197865
67712 199333
68439 202073
69416 204493
70003 205968
70536 207201
70977 208395
71390 208922
72105 209921
72567 211212
73337 213224
74278 214399
74625 214865
75146 215481
75706 216296
75988 216809
76536 218482
77030 220771
77436 222043
77923 223188
78619 225617
80207 228426
80435 228945
80716 229706
81007 230573
81287 231330
81909 232432
82487 233427
83086 234825
83669 237031
84372 238031
84885 239623
85560 240898
85916 241240
86000 241355
86865 244858
87394 245794
87969 247010
88361 247624
88939 249024
89406 250506
89828 251493
91574 254279
92250 255178
92870 256680
93739 258797
94211 259943
94728 261658
95415 262472
96467 264197
98344 269132
98583 270870
98991 272141
99716 275846
100131 276422
100414 276886
100811 277448
101424 278265
101619 278939
101942 279582
102336 280099
102965 280731
103294 281840
103568 282960
104208 284030
104441 285034
104686 286064
105178 286869
105444 287551
106012 288314
106298 289375
106488 289751
106793 290572
107001 291254
107311 291818
108062 293769
108649 295469
109899 299721
110500 324656
111709 352948
111992 353414
112279 353777
112589 354272
112910 354892
113286 355647
113958 357394
114543 358280
114841 358760
115056 359665
115473 362721
115814 364696
116125 365038
116322 365506
116589 368993
116790 369534
116939 370009
117420 371764
117906 379572
118144 380128
118377 380665
118546 381018
118863 382635
119068 383558
119423 384277
119540 384401
119860 385043
120074 385595
120339 396388
120519 398132
dazzle/Pattern.scaly
3680 3882
3789 4379
3923 4982
4083 5498
4401 5868
4495 6211
4809 6575
4939 6785
5056 6961
5177 7145
5286 7306
5399 7475
5517 7646
5631 7809
5766 8007
5880 8170
5996 8337
6166 11422
6544 13126
6765 13416
7068 13771
7233 13878
7323 14022
7490 14872
7582 15244
7785 15573
7903 16065
8157 16365
8296 16804
8458 16907
8544 16976
8669 17218
9348 18385
10034 19547
10371 20283
10714 20845
11269 22399
11911 23890
12173 25076
12641 26481
12917 26850
13116 27926
13283 28127
13457 28618
14389 29991
14630 30290
14770 30578
15020 30900
15579 31983
16010 36667
16370 41837
16609 42224
17124 44502
dazzle/ProcessingMode.scaly
2922 3241
3210 3522
3592 3943
4139 4778
4231 4847
4345 4917
4689 5286
4866 5447
4966 5542
5284 6202
5631 6595
6562 9111
6798 9489
7956 10910
8077 10984
8170 11062
8250 11158
8687 14359
9382 21380
9486 23263
9584 23965
9892 24752
10265 25561
10833 27225
11168 28379
12587 31063
13284 32097
13525 32750
13670 33247
13832 33729
13998 34261
14180 34599
14379 35606
dazzle/ProcessContext.scaly
3682 3787
4493 4737
5185 5544
6006 6435
6603 7108
7448 7924
8091 8647
8327 8958
8563 9267
8799 9576
9040 9892
9276 10201
9432 10554
9536 10656
9863 11154
10037 11546
10172 11718
10414 12852
10775 13843
10853 14084
11424 14767
11530 14986
12116 15829
12241 15964
12624 18130
13165 19458
13604 21205
13790 21635
13891 23210
14073 23502
14467 27701
14551 27946
14767 28202
14931 28422
15254 29455
15686 35616
16068 36909
16363 37526
16658 38790
17147 41999
17321 42717
17684 44247
18629 46531
18944 46988
19147 51895
19360 52329
19850 53138
20206 53671
20499 54127
20903 56217
21002 56468
21181 56639
21284 56810
21394 56992
21507 57175
21727 58110
21855 58787
22063 59463
22240 59954
22527 61286
22782 62012
23178 63123
23761 64431
24273 65433
24579 66250
24792 67312
25482 70258
26083 72165
26679 75649
27251 127858
27548 128298
dazzle/TransformFOTBuilder.scaly
2733 2731
4236 4598
4328 4696
4509 5003
4609 5246
4699 5457
4798 5685
5283 7636
5402 8567
6196 10666
6501 10961
7027 11925
7112 12580
7240 12971
7351 13320
7512 14314
7630 14535
7757 14700
7979 14875
8428 15623
9084 17833
9205 19125
9399 19902
9486 20062
10176 21021
10325 21260
11685 23360
11883 23628
12120 23899
12519 24283
12608 28028
dazzle/SgmlFOTBuilder.scaly
3997 4939
4166 5128
4403 5637
4620 6111
4708 6321
4798 6397
4890 6628
5002 7118
5176 7406
5390 8181
5643 9913
5915 10443
6152 10989
6480 12070
6621 12363
6776 12621
7094 13521
7181 13831
7626 14506
7802 17886
8033 18421
8459 21438
8538 21716
8761 23101
8882 24385
9121 25415
9198 25877
9480 26264
9590 26744
9681 27321
9857 27674
10117 27924
10329 28223
10444 28399
10546 28511
10708 28681
10806 28774
10906 28871
11032 29118
11133 29217
11259 29471
11479 30029
11742 31323
11921 31628
12180 33115
12276 33204
12474 35904
12721 36455
12819 36548
12990 37195
13085 37282
13289 38160
13386 38251
13515 38703
13620 38810
13724 39052
13826 39153
14221 42425
14346 42703
14684 43184
14787 43298
14889 43410
14989 43507
15270 44003
15607 44497
15715 44610
16076 45213
16163 45294
16257 45504
16374 45872
16489 45992
17345 46908
17452 47030
17557 47137
17666 47256
17773 47360
17873 47477
17985 47603
18095 47720
18209 47850
18321 47971
18421 48079
18519 48172
18624 48290
18727 48393
18830 48507
18931 48606
19038 48782
19143 48882
19251 49054
19357 49163
19465 49281
19571 49390
19680 49510
19787 49621
19896 49741
20003 49852
20111 49970
20217 50079
20325 50197
20431 50306
20536 50476
20639 50572
20742 50737
20843 50841
20947 50956
21049 51062
21155 51235
21259 51333
21363 51496
21465 51597
21570 51709
21673 51812
21781 51929
21887 52031
22243 52548
22356 52674
22464 52847
22570 52956
22684 53153
22796 53267
22912 53462
23026 53587
23145 53727
23262 53858
23381 53998
23498 54129
23694 54705
23790 54794
23916 55319
24017 55418
24469 56140
24574 56247
25326 59214
25441 59341
25573 59601
25679 59710
25809 59966
25913 60071
26024 60263
26133 60378
26318 60575
26420 60676
26810 61640
26919 62042
27206 63186
27313 63297
27874 63935
27979 64042
28116 64312
28227 64431
28609 64932
28823 65282
29163 68140
29275 68261
29406 68446
29677 68805
29821 69374
29918 69465
30029 69595
30139 69723
30253 69859
30366 69993
30492 70630
30627 70949
30736 71057
30847 71247
30956 71362
31067 71506
31176 71621
31279 71735
31380 71834
31508 72642
31610 72743
31726 72883
31841 73021
31960 73167
32078 73311
32260 73521
32375 73813
33073 75267
33290 75463
33360 77456
dazzle/RtfFOTBuilder.scaly
24568 24593
25048 25288
25160 25475
25347 26436
25544 26672
25790 26971
26114 27363
26219 27724
26311 28317
26950 29076
27693 30213
27885 30529
27971 30775
32433 41975
32595 42738
32671 45028
32746 45414
32821 45893
32996 49096
33091 49612
33260 50202
33355 50876
33460 51855
33617 52562
33712 52853
33828 53059
33905 53686
34000 53976
34197 54321
34274 54948
34369 55232
34496 56009
34614 56243
34798 56561
34907 56716
35317 57301
35512 57672
35626 58317
35731 61314
36054 62356
36141 62564
36241 62653
36332 62898
36419 63354
36521 63570
36694 63765
36836 64071
36992 64365
37199 64787
37308 64874
37415 65029
37503 65610
37861 72783
38045 79479
38152 79993
38270 80582
38437 80818
38687 91862
38842 92558
38987 92693
39201 93243
39529 103192
39631 103480
39734 103947
39997 106153
40173 108880
40394 109088
40491 109170
40667 109472
40760 109636
40856 109934
41067 110533
41188 111039
41415 112093
41630 112444
41720 113756
41819 114079
41976 114737
42052 115246
42234 121434
42367 122526
42552 125779
42650 126997
42775 127258
42875 127390
43000 127717
43128 127876
43232 128004
43333 128092
43432 128176
43653 129739
43747 131541
43934 132920
44035 134650
44222 135244
44319 135773
44541 136300
44660 139019
44755 139452
44962 140157
45058 140238
45283 143047
45552 143830
45981 145068
46174 145327
46289 146151
46972 146969
47085 149328
47195 149709
47347 150112
47461 150858
47571 152006
47659 152401
47862 154266
47954 154904
48180 156720
48276 157323
48410 157508
48518 157838
48609 157996
48698 158153
48780 158229
48860 158303
48950 158521
49075 159227
49198 159440
49345 159656
49477 159896
49560 160502
49641 161461
49749 163998
49831 165276
50040 165926
50150 166160
50259 166393
50372 166630
50484 166866
50627 166999
50751 167199
50866 167359
50980 167518
51098 167681
51215 167843
51308 168195
51431 168450
51580 169150
51748 169638
51873 170112
52001 186968
52325 191964
52889 192706
52991 192796
53092 192884
53191 192968
53305 193070
53444 193196
53551 193288
53697 193421
53811 193520
53925 193621
54037 193718
54125 193800
54680 194569
54781 194863
54937 195293
55017 195410
55129 195598
55320 196186
55432 196379
55625 196851
55918 197219
56012 197475
56232 197798
56331 197945
56437 198111
56541 198242
56649 198436
56755 198569
56971 198773
57082 198872
57163 198947
57276 199059
57387 199158
57549 199307
57646 199389
57750 199661
57852 199815
57954 200082
58054 200234
58289 200570
58393 203136
58500 203250
58577 203321
58684 203435
58761 203506
58869 203621
58947 203693
59055 203808
59133 203880
59240 203994
59317 204065
59424 204179
59501 204250
59605 204455
59707 205516
59809 205625
59909 205732
59984 205801
60085 205909
60190 206115
60293 206758
60536 207083
60637 207191
60713 207261
60796 207427
60903 207635
61008 208144
61269 208393
61353 208471
61460 208585
61565 208697
61678 209001
61789 209746
61885 209927
61998 210104
62088 210188
62204 210311
62294 210395
62410 210518
62622 210802
62738 211533
62833 213232
62958 216290
63339 217239
63692 217579
63796 217668
63972 217831
64086 217930
64215 218046
64318 218134
64428 218231
64536 218324
64667 218442
64772 218532
65172 218919
65273 219005
65409 219128
65517 219221
65623 219321
65701 219393
65972 219651
66076 219740
66212 219863
66322 219958
dazzle/TeXFOTBuilder.scaly
4001 4032
4072 4253
4138 4323
4227 4388
5109 6244
5990 7193
8372 9999
8487 10176
8589 10680
8690 10901
8792 11467
8895 11994
9032 13019
9131 13127
9367 13425
9714 14046
9843 14435
10025 14816
10150 15215
10248 15340
10346 15517
10498 15933
11091 16524
12226 18305
12350 18425
12453 18504
12648 18857
12793 18955
13009 19278
13219 19650
13311 19846
13414 20022
13506 21265
13622 21933
13751 22218
13915 22437
14024 22589
14135 22930
14241 23524
14336 23740
14465 24035
14593 24221
14728 24632
14855 24918
14991 25566
15084 25767
15211 26042
15326 26217
15507 26418
15615 26563
15776 26842
15900 27137
16007 27607
16105 27857
16333 30329
16548 30590
16797 32203
16940 32484
17112 37958
17307 38270
17403 38385
17569 38696
17693 38951
17975 39422
18104 39641
18541 40229
18751 40781
18878 40992
19000 41201
19123 41450
19406 42025
19604 42756
19927 43345
20049 45044
20174 46037
20342 46276
20530 46529
20729 46907
20976 47299
21091 47531
21229 47809
21334 47986
21437 48112
21539 48284
21656 48597
21752 48716
21871 49037
22121 49296
22315 62580
22483 63074
22692 64548
22880 64928
23105 65373
23295 65742
23406 68059
23837 68462
24011 68681
24251 69678
24364 70125
24580 72525
24675 72614
24876 72878
24993 73054
25202 73381
25321 73515
25509 74604
25630 74847
25838 75586
25956 76134
26081 76332
26294 76710
26416 76850
26922 78922
27250 79722
27586 80275
27688 80385
27789 80522
27906 80653
28402 81152
28541 81278
28666 81370
28812 81503
28944 81602
29058 81703
29188 81800
29276 81882
29818 82476
29903 82986
30011 83100
30117 83210
30216 83314
30327 83434
30436 83550
30549 83674
30660 83794
30759 83891
30856 83976
30960 84083
31062 84173
31164 84276
31264 84364
31593 84697
31669 84767
31776 84868
31881 84968
31988 85072
32093 85172
32201 85277
32307 85378
32415 85483
32521 85584
32628 85688
32733 85788
32840 85892
32945 85992
33049 86098
33151 86200
33253 86302
33353 86400
33456 86504
33557 86604
33851 86901
33926 86970
34029 87067
34130 87163
34234 87264
34336 87361
34443 87473
34548 87581
34674 87763
34786 87892
34893 88004
34998 88112
35111 88235
35222 88354
35337 88481
35450 88604
35568 88736
35684 88864
35802 88996
35918 89124
36169 89510
36296 89788
36412 89943
36507 90032
36632 90205
36732 90303
37086 90644
37208 90733
37384 90896
37516 90995
37645 91111
37766 91199
37876 91296
38002 91389
38133 91507
38256 91597
38656 91984
38775 92070
38911 92193
39037 92286
39143 92386
39221 92458
39492 92716
39614 92805
39750 92928
39878 93023
40061 93240
40176 93367
40380 93966
40494 94091
40701 94490
40816 94617
41042 95425
41135 95747
41355 96247
41512 97513
41610 97615
41743 98559
41956 98838
42057 98938
42163 99048
42267 99140
42448 99913
42603 100909
42731 101063
42860 101201
43081 102187
43221 102697
43424 103098
43558 103771
43765 104171
43887 104513
44010 104835
44132 105183
44341 105372
44450 105483
44560 105599
44752 106032
44868 106338
45081 108462
45290 109507
45409 110124
45610 111043
45690 111509
46042 118136
46246 119828
46472 122877
46690 125101
46935 125522
47116 125936
47225 126225
47420 128770
47610 129199
47784 130850
47933 131957
48147 134142
48351 137998
48473 138351
48683 138669
48844 140057
48939 140501
49067 140782
49194 141062
49325 141346
49455 141629
49588 142038
49720 142445
49856 142860
49991 143273
50143 143916
50269 144130
50397 144363
50523 144577
50651 144810
50777 145024
50897 145393
51015 145663
51158 147033
51303 150311
51422 150624
dazzle/HtmlFOTBuilder.scaly
3801 3834
4151 4271
4841 5074
5494 6255
6399 7261
6491 7348
6870 7725
8816 11548
9031 12004
9178 12104
9369 12926
9445 13544
9541 13626
9616 13929
9752 14250
9959 14621
10083 14830
10214 14969
10438 15227
10517 15547
10654 15901
10731 16222
10994 16803
11131 17316
11283 17455
11372 17720
11529 18017
11778 18810
11954 20981
12090 21673
12266 23844
12506 26869
12688 27958
12824 29101
13019 32087
13240 32993
13354 33220
13435 33751
13531 34067
13623 34596
13817 35281
14063 35683
14226 35936
14448 37482
14525 37720
14728 38379
14808 38746
15033 39483
15134 39632
15332 42097
15428 42214
15609 43607
15707 43726
15883 43949
15971 44159
16063 44390
16153 44466
16242 44933
16552 46741
16708 47128
16819 47839
16936 47983
17144 49511
17271 51154
17445 51774
17554 52210
17765 52777
17926 53140
18616 54554
18812 55398
18918 56996
19084 57248
19218 60622
19358 61716
19567 62657
19750 62827
19850 62912
19980 63029
20085 63119
20214 63235
20316 63322
20438 63431
20536 63514
20656 63621
20753 63703
20893 63830
20988 63910
21114 64024
21250 64148
21409 64295
21574 64433
21700 64532
21814 64633
21954 64760
22092 64883
22213 64977
22325 65074
22470 65206
22567 65288
22702 65410
22811 65504
22913 65579
23013 65652
23115 65727
23215 65800
23342 65915
23445 66005
23546 66091
23674 66206
23776 66293
23887 66392
23997 66490
24111 66592
24224 66693
24340 66797
24455 66900
24574 67007
24692 67113
24963 67357
25056 67423
25154 67494
25250 67563
25816 68307
25919 68398
26021 68487
26121 68572
26237 68676
26378 68804
26486 68897
26634 69032
26749 69132
26864 69234
26977 69332
27066 69415
27604 69940
27709 70030
27818 70126
27925 70218
28025 70306
28109 70384
28191 70460
28277 70540
28361 70618
28461 70705
28559 70788
28664 70880
28767 70968
28870 71058
28971 71144
29078 71238
29183 71328
29263 71402
29341 71474
29421 71548
29499 71620
29580 71695
29659 71768
29740 71843
29819 71916
29899 71990
29977 72062
30057 72136
30135 72208
30240 72300
30343 72388
30418 72457
30491 72524
30567 72594
30641 72662
30747 72755
30851 72844
30927 72914
31001 72982
31078 73053
31153 73122
31261 73217
31367 73308
31494 73423
31579 73502
31659 73576
31737 73648
31851 73749
31963 73846
32051 73928
32137 74008
32228 74093
32317 74176
32408 74261
32497 74344
32615 74449
32711 74530
32838 74644
32939 74730
33296 75074
33401 75164
33579 75329
33694 75429
33824 75546
33928 75635
34039 75733
34148 75827
34280 75946
34386 76037
34788 76426
34890 76513
35027 76637
35136 76731
35243 76832
35322 76905
35594 77164
35699 77254
35836 77378
35947 77474
dazzle/MifFOTBuilder.scaly
3920 3918
21888 24327
22294 24750
22398 24824
22477 25026
22629 25380
22796 25592
22862 25673
22928 25754
23043 26003
23118 26451
23189 26651
23533 28186
23643 28904
23737 29054
23818 29123
23934 29349
24033 29482
24185 29703
24274 29780
24385 29941
24496 30102
24608 30265
24721 30428
24836 30594
24949 30760
25063 30924
25200 31122
25320 31296
25482 31549
25569 31679
25808 32000
25899 32082
26238 32703
26341 33223
29165 39073
29367 41845
29573 43897
29693 46525
29832 47821
29983 49135
30099 49339
30243 52585
30431 55874
30547 56124
30626 56247
30808 57873
31701 59004
31893 59298
32019 59438
33198 60850
33318 61395
33401 64594
33775 65359
33875 66035
34139 66358
34357 66804
34810 67367
34933 67934
35038 69276
35192 69474
35615 70100
35946 70495
36048 71202
36285 71948
36460 72339
36850 72807
36982 73019
37262 73341
38404 74883
38522 75916
38895 76344
39060 77078
39241 77298
39716 77955
39874 78158
40270 78711
41054 79697
41624 80382
41798 80592
41972 80929
42214 81199
42662 81721
42717 81747
45146 85521
45339 85872
45484 85970
45654 86247
45805 86821
45955 87212
46179 87525
46292 87857
46441 88287
46575 88396
46718 88906
46804 89112
46885 89392
46971 89631
47100 89890
47180 90029
47352 91518
47535 91830
47642 92051
47726 92870
47875 93141
48093 93537
48205 93696
48311 93840
48428 94041
48564 94327
48739 94962
48911 95344
49031 95914
49138 96196
49262 96296
49433 96427
49552 96569
49725 96704
49845 96842
50009 96965
50123 97097
50229 97344
50344 97554
50502 98187
50627 98472
50748 99476
50884 99815
51050 99986
51195 100345
51355 100733
51476 101588
51693 102250
51890 102566
51992 103943
52182 104627
52299 104798
52376 105315
52493 105486
52627 105818
52797 106164
53023 109177
53181 109754
53314 110235
53463 110487
53649 110734
53786 111011
53960 111283
54113 111515
54322 111760
54467 112075
54649 112299
54817 112706
54946 113344
55101 116200
55228 116833
55381 119666
55640 124326
55851 124585
55958 124752
56087 125826
56209 125933
56444 126316
56610 126690
56838 127023
56971 127149
57091 127332
57214 127449
57334 127558
57452 127665
57634 128203
57892 128726
58058 129298
58227 129804
58474 131385
58715 132497
58901 134106
59096 135481
59346 136025
59474 136564
59603 137108
59729 137565
59903 138642
60070 139066
60254 139554
60421 140551
60601 140986
60818 143700
60960 146791
61147 147622
61333 149567
61539 150168
61765 159964
61973 160612
62136 160747
62329 162777
62520 164019
62815 168525
62958 168667
63157 169729
63275 169849
63418 170342
63642 170580
63764 170709
63907 172552
64023 172883
64221 173051
64338 173136
64455 173223
64570 173306
64726 173432
64838 173512
64954 173604
65149 174896
65263 174978
65460 175419
65556 176670
65780 178846
65880 179055
66192 179849
66350 180358
66603 182372
66803 183011
67208 185136
67863 186075
68093 189493
68302 191169
68412 191480
68604 192082
68808 192737
68968 193230
69106 193887
69242 194236
69452 195684
69583 199922
69723 201411
69880 202044
69981 202139
70214 202504
70344 202738
70484 202994
70619 203332
70739 203714
70944 205229
71094 206237
71311 206818
71445 207064
71562 207313
71685 207564
71797 207722
71921 207886
72038 208051
72209 209795
72360 211314
72547 216760
72707 218757
72896 219567
73031 219923
73192 221196
73306 222578
73430 223064
73550 223240
73622 223306
73770 226653
73870 226823
74022 227414
74148 227587
74257 227718
74364 227845
74473 227976
74580 228103
74786 228377
74913 228571
75044 228773
75174 228973
75306 229202
75439 229408
75571 229612
75707 229824
75842 230034
76035 232365
76159 234640
76253 235008
76392 235267
76468 235704
76609 236707
76830 238150
76965 238372
77147 238730
77339 245393
77545 246159
77728 247449
78310 248192
78430 248283
78549 248372
78666 248457
78798 248560
78955 248687
79080 248780
79244 248914
79376 249014
79508 249116
79638 249214
79726 249296
80280 249820
80402 249910
80528 250006
80652 250098
80769 250186
80852 250263
80933 250338
81018 250417
81101 250494
81218 250581
81333 250664
81455 250756
81575 250844
81695 250934
81813 251020
81937 251114
82059 251204
82138 251277
82215 251348
82294 251421
82371 251492
82451 251566
82529 251638
82609 251712
82687 251784
82766 251857
82843 251928
82922 252001
82999 252072
83121 252164
83241 252252
83315 252320
83387 252386
83462 252455
83535 252522
83658 252615
83779 252704
83854 252773
83927 252840
84003 252910
84077 252978
84202 253073
84325 253164
84469 253279
84553 253357
84632 253430
84709 253501
84840 253602
84969 253699
85056 253780
85141 253859
85231 253943
85319 254025
85409 254109
85497 254191
85631 254295
85744 254376
85887 254489
86005 254575
86377 254917
86499 255007
86693 255171
86825 255271
86972 255388
87093 255477
87221 255575
87347 255669
87496 255788
87619 255879
88037 256267
88156 256354
88310 256478
88436 256572
88542 256672
88620 256744
88909 257003
89031 257093
89185 257217
89313 257313
dazzle/SaveFOTBuilder.scaly
9731 10128
9971 10501
10499 11099
10773 11426
11106 11871
11239 12133
11344 12299
11474 12532
11594 12993
11913 13394
12097 13688
12338 14050
12458 14276
12621 14591
12771 14844
12912 15121
13040 15361
13175 15612
13314 16172
13457 16508
13581 16742
13715 17052
13869 17390
14027 17808
14208 18496
14376 18711
14498 18919
14656 19263
14789 19508
14924 19759
15060 20215
15182 20443
15329 20712
15661 21159
15930 21754
16054 21988
16187 22236
16481 22726
16661 23252
16937 23861
dazzle/FotSink.scaly
3071 3124
3196 3301
3321 3478
3449 3659
3574 3836
3946 4266
4158 4446
4266 4531
4670 5121
4945 5461
5080 25085
5295 25690
5400 26301
5575 27052
5744 27694
5832 28193
5926 28734
6018 29261
6162 29864
6255 30398
6381 31001
6510 31631
6607 32193
6728 32824
6822 33365
6935 33928
7025 34441
7179 34996
7267 35495
7386 36058
7475 36564
7614 37171
7701 37663
7844 38244
8011 39029
8102 39549
8273 40216
8379 40824
8509 41554
8631 42263
8735 42857
8879 43487
8968 43993
9103 44651
9204 45233
9307 45829
9408 46411
9511 47007
9612 47589
9730 48157
9825 48705
9918 49239
10038 49833
10132 50374
10235 50978
10337 51575
10443 52200
10548 52818
10656 53451
10763 54077
10874 54731
10984 55378
11299 55997
11375 56323
11456 56669
11535 57007
11790 57480
11965 58090
12055 58603
12412 59264
13058 60616
13153 61164
13247 61705
13339 62232
13446 62753
13578 63395
13678 63978
13817 64655
13924 65273
14031 65891
14136 66495
14227 67127
14325 67702
14422 68264
14523 68854
14622 69430
14714 69957
14800 70568
14884 71165
14972 71790
15058 72401
15150 72928
15240 73441
15337 74003
15432 74551
15527 75099
15620 75633
15719 76209
15816 76771
15898 77354
15978 77923
16060 78506
16140 79075
16223 79665
16304 80241
16387 80831
16468 81407
16550 81990
16630 82559
16712 83142
16792 83711
16889 84273
16984 84821
17061 85369
17136 85903
17214 86458
17290 86999
17388 87568
17484 88123
17562 88678
17638 89219
17717 89781
17794 90329
17894 90912
17992 91481
18119 92076
18206 92694
18288 93277
18368 93846
18474 94471
18578 95082
18668 95721
18756 96346
18849 97006
18940 97652
19033 98312
19124 98958
19233 99505
19321 100004
19439 100590
19532 101124
19890 101974
19987 102536
20172 103289
20279 103901
20409 104532
20505 105087
20608 105691
20709 106281
20841 106926
20939 107495
21341 108356
21435 108897
21601 109563
21702 110153
21811 110805
21892 111381
22230 112196
22327 112758
22464 113438
22567 114042
23264 114914
23337 115170
23461 115506
23573 115808
23663 116061
23750 116342
23849 116659
23979 117025
24313 117577
24416 117881
24491 118143
dazzle/InterpreterMessages.scaly
630 653
745 786
860 929
984 1082
1103 1221
1225 1372
1346 1521
1463 1656
1585 1811
1704 1961
1820 2110
1935 2264
2050 2415
2181 2585
2312 2752
2428 2895
2554 3070
2673 3215
2797 3366
2913 3509
3037 3677
3527 4165
3646 4322
3761 4460
3874 4616
3996 4771
4124 4937
4308 5119
4430 5264
4557 5416
4673 5594
4786 5766
4899 5938
5014 6114
5129 6290
5252 6484
5375 6685
5488 6857
5607 7051
5721 7225
5843 7416
5960 7596
6079 7781
6194 7957
6309 8133
6435 8343
6557 8539
6674 8720
6796 8912
6915 9107
7044 9314
7161 9518
7277 9719
7394 9899
7510 10078
7634 10274
7758 10479
7876 10661
7991 10837
8113 11020
8285 11190
8411 11383
8591 11562
8715 11735
8838 11931
8965 12103
9083 12312
9203 12467
9321 12607
9439 12746
9561 12913
9692 13081
9805 13232
9918 13386
10031 13525
10160 13729
10274 13847
10388 13979
10506 14142
10624 14284
10736 14468
10851 14667
10967 14858
11087 15005
11205 15171
11333 15343
11450 15490
11568 15640
11685 15795
11814 15990
11943 16157
12061 16310
12178 16467
12296 16637
12417 16808
12545 16967
12666 17139
12789 17308
12915 17484
13039 17634
13164 17803
13275 17924
13388 18075
13505 18254
13618 18446
13745 18617
13871 18786
13996 18943
14119 19116
14235 19250
14359 19413
14480 19566
14599 19743
14713 19879
14837 20041
14959 20194
15079 20352
15199 20496
15317 20671
15439 20824
15573 20999
15702 21159
15832 21332
15956 21513
16090 21695
16210 21879
16377 22044
16497 22227
16633 22404
16749 22572
16878 22750
17063 22934
17193 23116
17380 23302
17499 23443
17622 23596
17752 23759
17882 23922
18010 24094
18141 24281
18261 24432
18387 24595
18510 24749
18637 24907
18760 25052
18878 25234
19003 25417
19121 25599
19238 25779
19354 25957
19472 26149
19589 26314
19716 26486
19842 26661
20021 26840
20154 27039
20275 27190
20396 27346
20519 27506
20644 27663
20768 27829
20899 28009
21088 28197
21218 28390
21339 28558
21475 28771
21672 29008
21798 29197
dazzle/Interpreter.scaly
2804 2802
3133 3129
4561 4642
5431 5621
5705 5969
5977 6215
6220 6765
6398 7243
7052 8002
7373 8409
7573 8793
7684 8857
7791 9085
7905 9324
8201 9622
8471 10738
8864 11641
9198 12858
9676 15192
10076 15647
15754 26038
15854 26269
15995 26415
16303 26793
16545 27012
19855 30423
20113 30695
20217 30783
20598 31270
20690 31341
21109 31716
21287 31847
21417 31971
21544 32089
21957 32489
22132 32644
22230 32723
22329 32804
22499 33009
22598 33090
22703 33183
22812 33280
23435 33936
23509 34221
23744 34467
23922 34628
24043 34734
24359 35698
24771 36258
25244 37287
25516 37895
26235 38719
26516 39147
26992 39948
27498 41426
27896 43501
28290 43976
28396 44083
28503 44184
28638 44288
28748 44387
28856 45302
29112 46028
29292 46557
29712 47039
29900 47286
30034 47480
30279 47781
30619 48145
30914 48431
31179 49031
31379 49511
31527 49866
31748 51263
32105 51668
32435 66405
32892 68649
33508 69332
33764 69890
34144 70548
34323 70901
34652 71286
34840 71662
35188 72091
35535 72593
35699 73332
36185 88736
36741 89399
37071 89856
37731 90530
38330 94376
38618 96505
39102 99637
39195 99745
39288 99853
39382 99963
39475 100071
39835 101090
40185 102644
40288 102737
40417 103267
40529 103373
40642 103481
40877 103818
40986 103917
41268 108885
41456 109138
41766 109579
42167 110097
42942 113214
43224 113859
43801 114452
44176 114967
44394 115553
44604 116098
44907 139058
45160 139437
45415 139840
45630 140243
45822 140719
46028 140972
46162 141160
46355 141538
47104 142681
47308 143479
47575 144176
47781 145097
47937 145680
48103 146273
48357 147978
49565 150833
49810 151301
50110 151699
50397 152608
50620 152810
50801 156758
51015 158135
51291 159560
51504 159747
51601 159828
51729 159979
51870 160189
52024 160457
52262 160763
52359 160843
52632 161277
52799 164895
53098 165147
53832 169404
54817 173677
dazzle/CharNames.scaly
537 728
633 9054
729 19405
825 29095
921 37731
1017 46384
1113 56144
dazzle/CharProps.scaly
20081 24774
20498 28301
21088 29098
21180 29311
dazzle/Sdata.scaly
521 688
617 7797
713 14913
809 21862
905 28993
1001 36031
1097 42374
dazzle/SchemeParser.scaly
4306 4408
4711 5034
4800 5270
4903 5373
5192 5725
5334 5934
5562 6399
5783 7109
6004 7513
6233 7929
6365 8188
6582 10353
6795 23744
7185 24624
7482 26050
7748 26723
8069 30797
8284 33163
8413 33570
8552 33992
8782 34628
9750 35579
9885 35755
10116 36066
10729 36750
11216 37680
11512 41488
11747 44882
11998 45681
12461 46929
12749 48397
13385 51384
13615 52155
13779 53067
14017 54840
14249 55359
14414 56536
14578 57712
14743 58431
14910 58919
15084 59344
15710 60177
15948 60912
16306 64244
16655 68337
16883 70996
17103 73312
17482 74346
17647 76441
17817 77147
17985 77849
18153 79187
18471 79999
19540 82585
19925 85750
20099 85992
20349 87391
20642 90848
21077 91878
21277 93052
21473 93656
22268 95135
22454 95541
22659 97766
23327 99351
24394 103425
25497 106011
25888 107039
26278 107683
27146 110191
28287 113049
28793 115019
28919 118133
29834 121376
30201 122654
30501 123534
30802 124140
31597 127918
32102 130064
32478 131408
32781 132967
33368 133850
33508 134283
33930 135370
34338 137513
34690 138642
34892 139278
35322 140058
35509 140483
35910 140954
36006 144058
36179 168698
36794 169822
37124 170624
37334 170979
37502 171311
37672 171558
37943 172036
dazzle/DssslSpecEventHandler.scaly
6740 6834
6837 6913
6965 6997
7090 7075
7215 7153
8017 8009
8145 8179
8568 8727
8730 8837
8892 8944
9062 9058
9180 9162
9386 9344
9650 9593
9765 9692
9950 9916
10583 10615
10698 10681
11078 11158
11226 11376
11382 11604
11534 11835
11765 12342
12125 12832
12248 12940
12359 13005
12568 13563
12737 13676
13045 14017
13499 14911
13846 15391
15937 17694
16200 18077
16461 18428
16713 18889
16953 19496
17166 20033
17356 20662
18216 21620
18436 22165
18659 22624
18895 23119
19024 23665
19230 25538
19356 26962
19455 27077
19578 28395
19682 30602
19808 32072
19899 33406
20052 34540
20147 34650
20335 40179
20753 42696
21762 43832
22835 45576
23157 46325
25442 50127
25852 52302
25999 52603
26136 53752
26512 54734
26992 61269
